[CERCLES : 320 ,460, 60, 255, 149, 165, 100;]
[CERCLES : 680 ,460, 60, 255, 149, 165, 100;]
[CERCLES : 275 ,445, 30, 255, 149, 165, 100;]
[CERCLES : 725 ,445, 30, 255, 149, 165, 100;]
[CERCLES : 270 ,460, 19, 255, 149, 165, 100;]
[CERCLES : 730 ,460, 19, 255, 149, 165, 100;]
[CERCLES : 280 ,470, 19, 255, 149, 165, 100;]
[CERCLES : 720 ,470, 19, 255, 149, 165, 100;]
[CERCLES : 285 ,425, 19, 255, 149, 165, 100;]
[CERCLES : 715 ,425, 19, 255, 149, 165, 100;]
[CERCLES : 275 ,430, 19, 255, 149, 165, 100;]
[CERCLES : 725 ,430, 19, 255, 149, 165, 100;]
[CERCLES: 380, 320, 70, 0, 0 ,0 ,100;]
[CERCLES: 620, 320, 70, 0, 0 ,0 ,100;]
[CERCLES : 500, 500, 200, 255, 149, 165, 100;]
[CERCLE : 500, 500, 200,  230, 109, 127, 100;]
[CERCLE : 425, 550, 35, 0, 0, 0, 100;]
[CERCLE : 575, 550, 36, 0, 0, 0, 100;]
[CERCLE : 425, 540, 35, 0, 0, 0, 100;]
[CERCLE : 575, 540, 36, 0, 0, 0, 100;]
[CERCLES : 425, 550, 35, 75, 47, 255, 100;]
[CERCLES : 575, 550, 35, 75, 47, 255, 100;]
[CERCLES : 425, 540, 35, 75, 47, 255, 100;]
[CERCLES : 575, 540, 35, 75, 47, 255, 100;]
[CERCLES : 425, 560, 25, 0, 0, 0, 100;]
[CERCLES : 575, 560, 25, 0, 0, 0, 100;]
[CERCLES : 425, 550, 25, 0, 0, 0, 100;]
[CERCLES : 575, 550, 25, 0, 0, 0, 100;]
[CERCLES : 425, 560, 20, 255, 255, 255, 100;]
[CERCLES : 575, 560, 20, 255, 255, 255, 100;]
[CERCLES : 480, 440, 20, 104, 40, 48,100;]
[CERCLES : 510, 440, 20, 104, 40, 48,100;]
[CERCLES : 475, 428, 10, 104, 40, 48,100;]
[CERCLES : 515, 428, 10, 104, 40, 48,100;]
[CERCLES : 495, 440, 20, 104, 40, 48,100;]
[CERCLES : 495, 430, 25, 104, 40, 48,100;]
[CERCLES : 490, 433, 15, 255, 42, 94,100;]
[CERCLES : 500, 433, 15, 255, 42, 94,100;]
[CERCLES : 495, 430, 19, 255, 42, 94,100;]
[CERCLES : 360, 480, 20, 248, 94, 117, 100;]
[CERCLES : 350, 480, 15, 248, 94, 117, 100;]
[CERCLES : 370, 480, 15, 248, 94, 117, 100;]
[CERCLES : 640, 480, 20, 248, 94, 117, 100;]
[CERCLES : 650, 480, 15, 248, 94, 117, 100;]
[CERCLES : 630, 480, 15, 248, 94, 117, 100;]
