[POINT : 920 ,460, 255, 0, 0, 100;]
[POINT : 921 ,460, 255, 0, 0, 100;]
[POINT : 922 ,460, 255, 0, 0, 100;]
[ARC_DE_CERCLE : 780 ,460, 60, 255, 149, 165, 100, 2.8 , 5.0;]
[CARRE : 700, 200, 100, 100, 255, 0, 0, 100;]
[CARRES : 100, 100, 100, 100, 0, 0, 255, 40;]
[RECTANGLE : 800, 200, 100, 20, 255, 0, 0, 100;]
[RECTANGLES : 300, 100, 100, 30, 0, 0, 255, 40;]
[LIGNE : 210, 100, 400, 200, 255, 0, 255, 100;]
[CERCLE : 575, 540, 36, 0, 0, 0, 100;]
[CERCLES : 425, 550, 35, 75, 47, 255, 100;]


